Zad1
Ilosc obrazkow: 13
Najwieksza ilosc pixeli: 381


Zad2
11111111111111111111
00000000000000000000
11111111111111111111
00000000000000000000
11111111111111111111
00000000000000000000
11111111111111111111
00000000000000000000
11111111111111111111
00000000000000000000
11111111111111111111
00000000000000000000
11111111111111111111
00000000000000000000
11111111111111111111
00000000000000000000
11111111111111111111
00000000000000000000
11111111111111111111
00000000000000000000

Ile: 60


Zad3
Obrazkow poprawnych: 171
Obrazkow naprawialnych: 14
Obrazkow nienaprawialnych: 15
Maksymalna ilosc blednych bitow parzystosci: 7

Zad4
(numer obrazka, wiersz, kolumna)
(14, 1, 15)
(19, 4, 20)
(26, 21, 13)
(29, 2, 8)
(33, 15, 21)
(115, 21, 14)
(116, 21, 13)
(129, 21, 14)
(131, 10, 7)
(143, 7, 15)
(154, 7, 7)
(161, 21, 17)
(162, 21, 16)
(187, 21, 18)
